36.942971,-88.362719
36.670593,-87.217921
36.773867,-87.343708
36.646574,-87.191891
37.093358,-88.634455
36.882212,-87.612041
36.968693,-89.088654
37.157133,-89.331339
37.131114,-89.279904
36.867784,-87.781169
37.748407,-89.4633
38.012281,-89.906367
37.071672,-88.720364
36.778374,-88.161417
37.277683,-89.448479
36.432552,-86.899223
37.130336,-89.275747
36.919466,-88.33805
38.212346,-90.0386
37.058584,-88.579988
37.073318,-88.747927
37.295808,-89.493263
37.404786,-89.388999
37.603521,-89.475986
37.110963,-89.269262
37.018155,-89.184124
37.017704,-88.526365
37.457931,-89.399235
36.835585,-87.447275
36.573832,-87.044607
38.648298,-90.017941
36.801605,-87.982638
36.271532,-86.831809
38.45038,-90.112002
38.64716,-90.017482
38.313491,-90.1467
36.970891,-88.390937
36.994516,-89.160545
36.771772,-88.12652
36.242398,-86.821063
36.877954,-87.640537
37.156191,-89.330423
36.9935,-88.505738
36.334702,-86.869635
38.553111,-90.079164
36.225356,-86.807805
37.083495,-88.606044
37.063613,-88.597777
37.295886,-89.463477
37.035124,-89.05283
36.969761,-89.093143
38.212307,-90.038143
38.271856,-90.103238
37.698958,-89.472872
37.811143,-89.610933
36.967184,-88.433223
37.720902,-89.464539
36.248358,-86.826085
36.845538,-88.229482
38.120898,-89.986621
38.643299,-90.01786
37.168993,-89.357818
37.073805,-88.85903
36.879908,-87.58726
37.087594,-89.252351
37.089023,-88.692309
37.342,-89.405461
36.784136,-88.177781
36.597908,-87.101993
37.381999,-89.388975
38.112742,-89.977206
38.2119,-90.011744
36.861331,-87.480379
37.787685,-89.534704
37.042071,-89.196678
37.343454,-89.404577
36.658714,-87.208569
36.752654,-87.31378
36.918207,-88.336337
36.553501,-86.966322
37.817848,-89.63467
36.178379,-86.772219
36.876153,-87.752122
38.449843,-90.113142
38.610852,-90.047773
36.871954,-87.53265
37.057318,-89.22419
38.180597,-89.993883
37.295155,-89.517424
37.785418,-89.526045
38.691307,-90.008188
36.775732,-88.105237
36.813779,-87.896529
37.837283,-89.693911
36.872212,-87.500779
36.521196,-86.883613
36.475847,-86.890977
36.408998,-86.90068
37.802987,-89.57902
38.578319,-90.077683
36.554242,-86.992829
38.417354,-90.170338
37.652213,-89.480351
37.091038,-88.606275
38.089968,-89.944968
36.872861,-87.760949
38.268422,-90.092238
38.538151,-90.096962
36.484623,-86.885127
36.176817,-86.77069
38.66953,-90.014248
38.242343,-90.065391
38.202279,-89.993957
36.805475,-87.394822
37.066763,-88.831859
37.76329,-89.46693
38.437234,-90.169139
38.779701,-90.006984
38.560837,-90.097643
37.180608,-89.387155
36.317941,-86.866438
37.303403,-89.518646
36.694453,-87.236683
36.812206,-87.90192
37.520876,-89.448093
38.226558,-90.056878
36.896621,-88.310654
37.494518,-89.428547
36.64552,-87.162802
36.852937,-87.817155
36.334952,-86.869665
36.81385,-87.411269
37.88479,-89.785575
36.942739,-88.362551
36.784658,-88.037573
36.717019,-87.254872
36.832967,-87.865314
37.065047,-88.999895
36.993123,-89.115629
36.991628,-89.148191
37.999109,-89.896791
37.097153,-88.689561
37.763852,-89.46761
37.101835,-88.661594
37.297043,-89.528105
37.933417,-89.8539
36.896356,-88.309736
36.587452,-87.074337
36.830294,-87.867266
37.295835,-89.48983
38.055302,-89.934196
37.068036,-88.607197
36.965948,-88.382815
38.544642,-90.078854
37.776339,-89.495096
38.625325,-90.035048
36.789061,-87.369382
37.448919,-89.397195
36.94387,-88.363369
37.082019,-88.886543
38.281236,-90.120309
36.883615,-88.282688
36.881435,-87.668873
37.001918,-89.170984
36.742639,-87.295256
36.823548,-87.426752
36.850508,-88.244726
36.646607,-87.182086
36.646987,-87.199182
38.104486,-89.961408
38.249123,-90.072268
38.603488,-90.051681
36.200808,-86.769681
36.639773,-87.15412
37.812626,-89.616123
36.497882,-86.88191
38.429566,-90.178837
36.156532,-86.780595
37.792208,-89.55047
37.607889,-89.479509
37.039534,-88.541369
36.824549,-88.197807
37.204637,-89.423316
36.969657,-89.088507
36.991307,-89.073149
36.386723,-86.897689
36.969865,-88.418722
36.882787,-87.697778
37.431871,-89.392697
36.551307,-86.9397
36.853696,-87.474995
38.494732,-90.094429
37.012308,-89.057841
38.384745,-90.163719
36.363689,-86.887457
36.563599,-87.020444
38.158144,-89.998234
38.472469,-90.091526
38.516567,-90.10186
37.562773,-89.472296
37.30034,-89.520043
37.492597,-89.426814
37.016187,-88.525114
37.674469,-89.479335
37.471684,-89.40813
36.805616,-87.924352
37.295102,-89.521496
36.968992,-88.458677
36.69096,-87.234058
36.874857,-88.275566
37.064038,-89.233465
37.825528,-89.664616
38.362157,-90.15408
36.340233,-86.871655
36.786886,-87.367048
38.713429,-90.011577
37.079419,-88.943203
38.317717,-90.151871
38.663841,-90.016919
37.071647,-88.718911
38.295196,-90.142949
37.709679,-89.470088
37.542076,-89.460627
37.009622,-89.05842
37.040323,-89.189998
37.182677,-89.390507
37.073038,-88.97175
36.793617,-88.004627
37.976475,-89.880413
38.757493,-90.007873
36.852619,-88.256642
37.585632,-89.473366
36.837619,-87.452297
37.295805,-89.494019
36.520324,-86.883337
36.966682,-88.446125
36.6222,-87.13222
37.320894,-89.433856
37.227814,-89.459083
36.860066,-87.809148
36.779161,-88.094047
38.044861,-89.927356
36.779514,-88.066408
36.170959,-86.770427
38.340506,-90.162745
37.070186,-88.784325
37.835357,-89.689913
38.581953,-90.072689
37.848046,-89.717328
37.954145,-89.878115
36.575364,-87.048226
36.975504,-88.472966
37.249954,-89.450253
37.918421,-89.826347
36.721154,-87.259685
37.074705,-88.965882
38.02178,-89.907866
37.861163,-89.744419
37.528558,-89.452634
38.136028,-89.998004
36.896106,-88.308848
36.802435,-88.199974
38.407208,-90.1676
37.215884,-89.44005
37.07921,-88.915427
36.992801,-89.115277
36.799036,-87.957131
37.084572,-89.250174
37.294539,-89.448305
38.066997,-89.933715
36.887524,-87.723207
36.777212,-88.149532
37.295951,-89.52826
36.790724,-88.009207
37.316994,-89.437994
36.380378,-86.894141
36.765285,-87.328962
37.907828,-89.818044
37.13355,-89.304335
36.777203,-88.149786
37.055518,-89.033431
37.072309,-88.775542
36.295143,-86.853531
37.193784,-89.413484
37.045796,-88.552549
37.889869,-89.799346
38.735656,-90.002188
37.086196,-88.599328
37.644925,-89.481647
36.78658,-87.366728
37.295566,-89.458819
38.440878,-90.13989
37.930895,-89.846564
36.831822,-88.202033
36.918299,-88.336508
36.986857,-88.500485
37.066915,-88.80461
36.146807,-86.77556
36.875976,-87.556302
37.360336,-89.398192
36.289574,-86.845844
38.44984,-90.113149
36.839772,-87.840129
37.965828,-89.88031
37.877584,-89.771828
36.209292,-86.795603
36.454274,-86.898613
36.545534,-86.912172
36.970027,-88.38914
